预计招收177人！
共有124人未匹配！
共有176人成功加入部门！
{
   "admitted" : {
      "department_no" : [ 1, 2, 3, 4, 5, 6, 7, 8, 9, 10, 11, 12, 13, 14, 15, 16, 17, 18, 19, 20 ],
      "member" : [
         [ 19, 23, 59, 94, 174, 175, 256, 279 ],
         [ 14, 28, 107, 119 ],
         [ 22, 27, 65, 70 ],
         [ 3, 4, 12 ],
         [ 2, 52, 97, 114, 133, 173, 177, 195, 210, 219, 226, 241, 260, 270 ],
         [ 11, 34, 39, 68, 81, 93, 105, 113, 124, 137 ],
         [ 21, 50, 67, 78, 82, 112, 150, 179, 191, 206, 238, 244, 23 ],
         [ 1 ],
         [ 46, 49, 71, 90, 98, 110, 116, 118, 120, 154, 158, 169 ],
         [ 5, 9, 32, 72, 77, 85, 131, 149, 153 ],
         [ 10, 37, 38, 53, 66, 74, 79, 80, 115, 122, 134, 139 ],
         [ 20, 56, 87, 95, 100, 111, 126, 127, 143, 147, 167, 171, 176, 212, 230 ],
         [ 33, 63, 99, 101, 103 ],
         [ 55, 69, 84, 91, 141, 145, 146, 163, 251, 285, 300 ],
         [ 31, 36, 41, 54, 75, 76, 83, 96, 109, 123, 151 ],
         [ 29, 47, 57 ],
         [ 26, 43, 62, 159, 186, 223, 234, 243, 277 ],
         [ 7, 125, 162, 227, 229, 247, 248, 250, 264, 266, 273 ],
         [ 6, 13, 15, 30, 35, 64, 92, 108, 136, 185, 233, 253, 254, 283 ],
         [ 16, 17, 42, 61, 73, 106, 117, 129 ]
      ]
   },
   "unlucky_department" : null,
   "unlucky_student" : [
      8,
      18,
      24,
      25,
      40,
      44,
      45,
      48,
      51,
      58,
      60,
      86,
      88,
      89,
      102,
      104,
      121,
      128,
      130,
      132,
      135,
      138,
      140,
      142,
      144,
      148,
      152,
      155,
      156,
      157,
      160,
      161,
      164,
      165,
      166,
      168,
      170,
      172,
      178,
      180,
      181,
      182,
      183,
      184,
      187,
      188,
      189,
      190,
      192,
      193,
      194,
      196,
      197,
      198,
      199,
      200,
      201,
      202,
      203,
      204,
      205,
      207,
      208,
      209,
      211,
      213,
      214,
      215,
      216,
      217,
      218,
      220,
      221,
      222,
      224,
      225,
      228,
      231,
      232,
      235,
      236,
      237,
      239,
      240,
      242,
      245,
      246,
      249,
      252,
      255,
      257,
      258,
      259,
      261,
      262,
      263,
      265,
      267,
      268,
      269,
      271,
      272,
      274,
      275,
      276,
      278,
      280,
      281,
      282,
      284,
      286,
      287,
      288,
      289,
      290,
      291,
      292,
      293,
      294,
      295,
      296,
      297,
      298,
      299
   ]
}


